##FastQC	0.10.1
>>Basic Statistics	pass
#Measure	Value	
Filename	11_1.fastq.gz	
File type	Conventional base calls	
Encoding	Sanger / Illumina 1.9	
Total Sequences	48385203	
Filtered Sequences	0	
Sequence length	100	
%GC	46	
>>END_MODULE
>>Per base sequence quality	pass
#Base	Mean	Median	Lower Quartile	Upper Quartile	10th Percentile	90th Percentile
1	32.38928087167476	33.0	33.0	33.0	33.0	33.0
2	32.408048778879774	33.0	33.0	33.0	33.0	33.0
3	32.37596221307576	33.0	33.0	33.0	33.0	33.0
4	32.39394750498412	33.0	33.0	33.0	33.0	33.0
5	32.40730791188372	33.0	33.0	33.0	33.0	33.0
6	35.92072876081557	37.0	37.0	37.0	33.0	37.0
7	36.15261103689076	37.0	37.0	37.0	37.0	37.0
8	36.21197639699889	37.0	37.0	37.0	37.0	37.0
9	36.272559546768875	37.0	37.0	37.0	37.0	37.0
10-14	36.24843679171916	37.0	37.0	37.0	37.0	37.0
15-19	36.2364857206448	37.0	37.0	37.0	37.0	37.0
20-24	36.20205211084884	37.0	37.0	37.0	37.0	37.0
25-29	36.14232287503268	37.0	37.0	37.0	37.0	37.0
30-34	36.10433207441539	37.0	37.0	37.0	37.0	37.0
35-39	36.065239453475066	37.0	37.0	37.0	37.0	37.0
40-44	35.9887125284976	37.0	37.0	37.0	37.0	37.0
45-49	35.93309845987419	37.0	37.0	37.0	37.0	37.0
50-54	35.94081692702623	37.0	37.0	37.0	36.2	37.0
55-59	35.8813841909478	37.0	37.0	37.0	33.0	37.0
60-64	35.90157994790267	37.0	37.0	37.0	33.0	37.0
65-69	35.84148421574257	37.0	37.0	37.0	33.0	37.0
70-74	35.78553768184046	37.0	37.0	37.0	33.0	37.0
75-79	35.73256069216036	37.0	37.0	37.0	33.0	37.0
80-84	35.75868941998652	37.0	37.0	37.0	33.0	37.0
85-89	35.720214153074856	37.0	37.0	37.0	33.0	37.0
90-94	35.621148217565604	37.0	37.0	37.0	33.0	37.0
95-99	35.4821320311501	37.0	37.0	37.0	33.0	37.0
100	35.48272572091926	37.0	37.0	37.0	33.0	37.0
>>END_MODULE
>>Per sequence quality scores	pass
#Quality	Count
14	7.0
15	325.0
16	725.0
17	399.0
18	333.0
19	887.0
20	3021.0
21	9424.0
22	23192.0
23	48005.0
24	86918.0
25	140142.0
26	207613.0
27	293581.0
28	397189.0
29	519797.0
30	674902.0
31	870175.0
32	1132695.0
33	1549362.0
34	2361682.0
35	4909885.0
36	3.5154944E7
>>END_MODULE
>>Per base sequence content	fail
#Base	G	A	T	C
1	35.203228166955945	9.190009972553655	6.877105185310086	48.72965667518031
2	22.052064789171187	12.040265899427098	40.615724345165134	25.291944966236585
3	22.73927956220924	14.341856901303238	24.324043300993175	38.59482023549434
4	24.89778309372838	23.71175737682529	23.018301945645085	28.372157583801243
5	26.238838812154867	27.70178802837428	25.619376262115885	20.439996897354966
6	21.800940099697776	30.821267590700526	26.423107281029377	20.954685028572325
7	17.003604423505635	23.67555670441642	41.891369859296304	17.42946901278164
8	19.069733479100385	22.91349620023525	34.88757079606072	23.129199524603646
9	18.35391463457306	21.08913268728048	37.71924695633163	22.83770572181483
10-14	21.9377922003114	27.20758566956656	28.29072370407238	22.563898426049665
15-19	22.444475755618804	25.683061315508155	28.43276968093737	23.439693247935676
20-24	22.168300539255505	25.956572844864617	28.586057279221755	23.289069336658123
25-29	22.07879139412441	25.92883956519484	28.509188927624056	23.483180113056697
30-34	22.15487104631554	25.834339570730457	28.261457928285104	23.749331454668894
35-39	22.282089302414178	25.900964660843055	28.3126874655295	23.504258571213267
40-44	22.27472649757538	25.865783745391337	28.25180250296566	23.60768725406762
45-49	22.279520073140073	25.825120165515276	28.255235421468544	23.640124339876103
50-54	22.262912851083087	25.796370155162883	28.29287551231856	23.64784148143547
55-59	22.14651013108268	25.834233553942642	28.331223741865973	23.6880325731087
60-64	22.203510862006002	25.7395767486984	28.35165152561619	23.705260863679413
65-69	22.210719476601902	25.870950956369533	28.39701765375996	23.52131191326861
70-74	22.280422939320648	25.91328475732557	28.220620244047023	23.585672059306756
75-79	22.27597588270024	25.765289898161058	28.196368511246273	23.762365707892428
80-84	22.283722554578926	25.765568027061775	28.337927047841728	23.61278237051757
85-89	22.31458627581829	25.87030628441571	28.18919160235226	23.62591583741374
90-94	22.22147196711926	25.807578715134206	28.168096936321597	23.80285238142494
95-99	22.391942784703676	24.444148329284953	28.91280103794653	24.251107848064844
100	23.559468542032242	0.0	40.973805990398596	35.46672546756916
>>END_MODULE
>>Per base GC content	fail
#Base	%GC
1	83.93288484213626
2	47.34400975540777
3	61.33409979770359
4	53.269940677529625
5	46.67883570950983
6	42.7556251282701
7	34.43307343628727
8	42.19893300370403
9	41.191620356387894
10-14	44.50169062636106
15-19	45.884169003554476
20-24	45.45736987591363
25-29	45.561971507181106
30-34	45.90420250098444
35-39	45.78634787362744
40-44	45.882413751643
45-49	45.91964441301617
50-54	45.91075433251856
55-59	45.834542704191385
60-64	45.90877172568541
65-69	45.73203138987051
70-74	45.8660949986274
75-79	46.03834159059267
80-84	45.896504925096494
85-89	45.94050211323203
90-94	46.024324348544205
95-99	46.64305063276852
100	59.0261940096014
>>END_MODULE
>>Per sequence GC content	pass
#GC Content	Count
0	128.0
1	150.0
2	216.0
3	255.5
4	304.0
5	298.0
6	235.0
7	228.5
8	245.0
9	273.5
10	312.0
11	370.0
12	439.0
13	577.0
14	828.5
15	1297.5
16	2262.5
17	3911.0
18	6932.0
19	12026.0
20	20963.5
21	35135.0
22	53895.0
23	79177.0
24	113125.0
25	158704.5
26	216297.5
27	285442.0
28	364416.0
29	449524.0
30	547045.5
31	644117.5
32	732829.5
33	830816.0
34	938646.0
35	1043871.5
36	1162659.5
37	1296456.5
38	1422489.5
39	1545836.5
40	1656203.0
41	1740495.0
42	1803839.0
43	1863710.0
44	1884280.0
45	1888055.5
46	1912914.5
47	1871700.0
48	1786426.5
49	1713896.5
50	1666883.0
51	1631629.0
52	1532707.5
53	1439814.5
54	1380822.0
55	1301002.5
56	1184270.5
57	1063543.5
58	981081.0
59	900825.5
60	818150.5
61	742769.0
62	659391.5
63	574435.0
64	498593.5
65	426277.5
66	357715.0
67	292815.0
68	238187.5
69	185199.5
70	134028.0
71	93347.0
72	65657.5
73	45692.5
74	29135.0
75	17513.5
76	11799.5
77	8525.0
78	5091.0
79	2313.0
80	929.0
81	414.0
82	196.5
83	106.5
84	59.0
85	27.0
86	18.0
87	15.0
88	6.0
89	4.5
90	6.0
91	3.0
92	4.0
93	3.5
94	0.5
95	0.5
96	1.0
97	0.5
98	0.5
99	0.5
100	0.0
>>END_MODULE
>>Per base N content	fail
#Base	N-Count
1	0.0795883815967456
2	2.934781528146115E-4
3	5.414878594185086E-4
4	0.001734001198672247
5	0.0014053883374220834
6	0.002010945371046599
7	0.0021576844474539046
8	0.0023870934260625093
9	0.0025544999780201397
10-14	0.0034225339511337795
15-19	0.004237245837327581
20-24	0.005469027380126937
25-29	0.011027338254631276
30-34	0.01917156366999225
35-39	0.020204937447508488
40-44	0.03109793711106265
45-49	0.024901827941075295
50-54	0.010943014954385951
55-59	0.01535965447949035
60-64	0.022540775534206192
65-69	0.032423962342371486
70-74	0.048616516086539927
75-79	0.07346212849411833
80-84	0.10759198426841363
85-89	0.15673552098148685
90-94	0.229930625691495
95-99	2.7331326893471957
100	33.12463729872127
>>END_MODULE
>>Sequence Length Distribution	pass
#Length	Count
100	4.8385203E7
>>END_MODULE
>>Sequence Duplication Levels	fail
#Total Duplicate Percentage	80.31764431103537
#Duplication Level	Relative count
1	100.0
2	47.86401793170131
3	29.182964883751595
4	21.737792818529424
5	16.549466004482927
6	13.46635608491188
7	11.530347646464202
8	9.989891442886652
9	8.680174042983342
10++	180.50147233331867
>>END_MODULE
>>Overrepresented sequences	pass
>>END_MODULE
>>Kmer Content	warn
#Sequence	Count	Obs/Exp Overall	Obs/Exp Max	Max Obs/Exp Position
AAAAA	16240905	3.4639955	5.295233	9
TCTTC	16563550	2.6916587	5.432927	7
CCAGG	8973940	2.6882265	5.1368685	2
CTGGG	8327240	2.3713775	7.8574758	1
GGCAG	7325385	2.359339	7.9223046	1
CTTCA	12675745	2.3297021	6.1785936	1
CAGGA	8095445	2.3098462	5.0607862	3
CTCCA	10416555	2.273273	11.463497	1
TCCAG	9460095	2.2197309	6.9666996	2
CTCCT	11403450	2.2004092	10.042742	1
TCCTC	11188980	2.159025	5.1080265	2
GGCTG	7580530	2.158734	5.943656	1
GCCAG	6973370	2.088937	6.859289	1
CCCAG	7455725	2.077281	9.150234	1
CCTGG	7478445	1.9807681	5.54709	1
GGGAG	5639060	1.9527376	5.202792	1
CTGGA	7684930	1.9387507	6.744526	1
CTGCA	8229800	1.9310524	5.511831	1
GGCCA	6429260	1.925944	5.486344	1
GGGGG	4866000	1.9020712	5.942212	1
CTTGG	8247995	1.8397979	5.058375	1
CTCTG	8625035	1.7893913	7.1712775	1
TCCTG	8363355	1.7351019	5.0943074	2
CTCAG	7310345	1.7153102	6.994785	1
CTGGC	6418540	1.7000378	5.2732224	1
CTCTT	9950075	1.6169364	5.3175416	1
GTGGG	5046405	1.5451086	5.991781	1
CCCCA	5892870	1.527056	6.4945893	1
CTGGT	6762055	1.508344	5.0062566	1
CTCCC	5838085	1.3376367	6.228019	1
GTCCA	5698410	1.3370833	7.2793345	1
GTCAG	5114500	1.2902838	5.8229713	1
CCCAA	4837930	1.1941185	5.5920916	1
GTCCT	5492990	1.1396022	5.8266754	1
>>END_MODULE
