##FastQC	0.10.1
>>Basic Statistics	pass
#Measure	Value	
Filename	7_1.fastq.gz	
File type	Conventional base calls	
Encoding	Sanger / Illumina 1.9	
Total Sequences	46159768	
Filtered Sequences	0	
Sequence length	100	
%GC	46	
>>END_MODULE
>>Per base sequence quality	pass
#Base	Mean	Median	Lower Quartile	Upper Quartile	10th Percentile	90th Percentile
1	32.37826160651414	33.0	33.0	33.0	33.0	33.0
2	32.39508406974662	33.0	33.0	33.0	33.0	33.0
3	32.360836258969066	33.0	33.0	33.0	33.0	33.0
4	32.37866433817432	33.0	33.0	33.0	33.0	33.0
5	32.39363560059487	33.0	33.0	33.0	33.0	33.0
6	35.89999813257294	37.0	37.0	37.0	33.0	37.0
7	36.141417846814136	37.0	37.0	37.0	37.0	37.0
8	36.20233136786996	37.0	37.0	37.0	37.0	37.0
9	36.26543996061679	37.0	37.0	37.0	37.0	37.0
10-14	36.24133050668712	37.0	37.0	37.0	37.0	37.0
15-19	36.229242057715716	37.0	37.0	37.0	37.0	37.0
20-24	36.19465661959133	37.0	37.0	37.0	37.0	37.0
25-29	36.136377123905824	37.0	37.0	37.0	37.0	37.0
30-34	36.09757746616057	37.0	37.0	37.0	37.0	37.0
35-39	36.0591738286033	37.0	37.0	37.0	37.0	37.0
40-44	35.98121274353025	37.0	37.0	37.0	37.0	37.0
45-49	35.925895476771025	37.0	37.0	37.0	34.6	37.0
50-54	35.93421245964667	37.0	37.0	37.0	34.6	37.0
55-59	35.87428133520949	37.0	37.0	37.0	33.0	37.0
60-64	35.89611757580757	37.0	37.0	37.0	33.0	37.0
65-69	35.836096368595264	37.0	37.0	37.0	33.0	37.0
70-74	35.780874929873995	37.0	37.0	37.0	33.0	37.0
75-79	35.730527709757986	37.0	37.0	37.0	33.0	37.0
80-84	35.75735050054844	37.0	37.0	37.0	33.0	37.0
85-89	35.718327544453864	37.0	37.0	37.0	33.0	37.0
90-94	35.61819894328759	37.0	37.0	37.0	33.0	37.0
95-99	35.47776219325886	37.0	37.0	37.0	33.0	37.0
100	35.478396251904904	37.0	37.0	37.0	33.0	37.0
>>END_MODULE
>>Per sequence quality scores	pass
#Quality	Count
14	11.0
15	382.0
16	722.0
17	363.0
18	383.0
19	829.0
20	2721.0
21	8803.0
22	21803.0
23	45539.0
24	81607.0
25	132219.0
26	197151.0
27	278870.0
28	377002.0
29	496342.0
30	645161.0
31	831852.0
32	1092023.0
33	1493901.0
34	2289011.0
35	4750696.0
36	3.3412377E7
>>END_MODULE
>>Per base sequence content	fail
#Base	G	A	T	C
1	35.717076030902746	9.25902719459486	6.779047120100561	48.24484965440183
2	22.445629596328153	12.053307051228614	40.6888961429362	24.812167209507034
3	22.991491018212752	14.459291947151076	24.388815348112917	38.16040168652325
4	25.332866772938274	23.814112598380692	22.958010236035236	27.895010392645798
5	26.674766310556603	27.576018326648466	25.558177084882544	20.191038277912384
6	22.19147610411431	30.598909413918847	26.42672504801552	20.782889433951325
7	17.440864916896555	23.484683738015168	41.72642210579272	17.34802923929555
8	19.443476291114067	22.674638925506365	34.820553333857895	23.061331449521667
9	18.826626187302676	20.983596030644453	37.50054269142189	22.689235090630984
10-14	22.504268508926128	26.91939959444789	28.093375168770624	22.482956727855356
15-19	22.971166531197877	25.432797970563602	28.281549939713894	23.314485558524616
20-24	22.71782029247284	25.693800369403956	28.43096442990209	23.157414908221117
25-29	22.618539081140675	25.66809867156928	28.378305352135456	23.335056895154587
30-34	22.703133313118155	25.57596883748966	28.10894508912473	23.61195276026746
35-39	22.82236216490032	25.645099793024162	28.13774137038365	23.394796671691868
40-44	22.83095740385873	25.604351936902496	28.07649214297711	23.488198516261665
45-49	22.83953644256911	25.54514160914676	28.08487139689437	23.53045055138976
50-54	22.810673422026902	25.53336296724532	28.11435372527627	23.541609885451507
55-59	22.67303490457339	25.56401204864183	28.164338786109305	23.59861426067548
60-64	22.753517004447954	25.432160158871774	28.19732776025356	23.616995076426704
65-69	22.7619734690447	25.597749811138176	28.22969992461563	23.41057679520149
70-74	22.83974057355762	25.6225370743101	28.02476303512651	23.51295931700577
75-79	22.826672808677337	25.476336298151374	28.012402363731763	23.684588529439527
80-84	22.84458444131993	25.471941269559817	28.149551553699165	23.533922735421083
85-89	22.887764950983218	25.572430819600513	27.99469681547882	23.545107413937455
90-94	22.784594503814404	25.526081504319148	27.954994587738717	23.73432940412773
95-99	22.981469522126893	24.115231849230994	28.71217295490327	24.19112567373884
100	24.24132994962549	0.0	40.53868622782984	35.21998382254466
>>END_MODULE
>>Per base GC content	fail
#Base	%GC
1	83.96192568530458
2	47.25779680583519
3	61.151892704736014
4	53.22787716558407
5	46.86580458846899
6	42.97436553806563
7	34.78889415619211
8	42.504807740635734
9	41.51586127793366
10-14	44.987225236781484
15-19	46.2856520897225
20-24	45.87523520069395
25-29	45.95359597629526
30-34	46.315086073385615
35-39	46.21715883659219
40-44	46.319155920120394
45-49	46.36998699395887
50-54	46.35228330747841
55-59	46.27164916524887
60-64	46.37051208087466
65-69	46.17255026424619
70-74	46.35269989056339
75-79	46.51126133811687
80-84	46.37850717674101
85-89	46.43287236492067
90-94	46.51892390794213
95-99	47.17259519586573
100	59.46131377217016
>>END_MODULE
>>Per sequence GC content	pass
#GC Content	Count
0	117.0
1	123.5
2	162.5
3	207.5
4	254.5
5	245.0
6	196.5
7	173.5
8	191.5
9	237.0
10	264.0
11	311.5
12	397.0
13	536.5
14	780.0
15	1178.0
16	1955.5
17	3339.0
18	5784.0
19	10070.5
20	17795.5
21	29691.0
22	45541.5
23	66743.5
24	95865.5
25	134531.5
26	184280.0
27	244899.0
28	315625.0
29	392354.5
30	480490.0
31	568792.5
32	650717.0
33	743137.5
34	843152.5
35	941832.5
36	1056971.0
37	1186354.0
38	1307908.5
39	1429744.0
40	1533268.0
41	1615155.0
42	1693357.5
43	1763799.5
44	1787209.0
45	1804667.0
46	1841993.5
47	1806696.0
48	1729391.0
49	1668829.0
50	1641211.0
51	1607456.0
52	1494479.0
53	1402790.5
54	1354160.5
55	1285950.0
56	1167826.5
57	1042090.0
58	963764.0
59	889918.0
60	815236.0
61	742789.5
62	661319.0
63	578042.0
64	503680.0
65	434554.5
66	367845.0
67	302648.5
68	247857.5
69	195191.5
70	142967.5
71	100158.0
72	71269.0
73	50267.0
74	32867.5
75	20513.0
76	14027.0
77	10252.5
78	6122.5
79	2819.0
80	1266.5
81	582.5
82	255.5
83	154.0
84	90.0
85	43.5
86	20.0
87	8.5
88	5.5
89	5.0
90	4.0
91	1.0
92	0.0
93	0.5
94	0.5
95	0.0
96	0.0
97	0.5
98	0.5
99	0.0
100	0.0
>>END_MODULE
>>Per base N content	fail
#Base	N-Count
1	0.07792500170278152
2	2.0797331563711496E-4
3	4.137802425696767E-4
4	0.0014839762626189976
5	0.0011633507343451121
6	0.0015901293091421082
7	0.001711447076597092
8	0.001889090950370461
9	0.002036405382280084
10-14	0.0027313828787007767
15-19	0.003323240272784733
20-24	0.004462327453638848
25-29	0.009905162434958512
30-34	0.018008756023210514
35-39	0.019013527104382325
40-44	0.029986285892944695
45-49	0.023626201934117172
50-54	0.009832805052226432
55-59	0.013828925656645414
60-64	0.020240569666641305
65-69	0.029456387215810963
70-74	0.04569823661158782
75-79	0.07305495989494575
80-84	0.1150096768250655
85-89	0.18144545267211915
90-94	0.2892882823847815
95-99	2.86081723807624
100	33.03761405386613
>>END_MODULE
>>Sequence Length Distribution	pass
#Length	Count
100	4.6159768E7
>>END_MODULE
>>Sequence Duplication Levels	fail
#Total Duplicate Percentage	80.24398995335487
#Duplication Level	Relative count
1	100.0
2	46.74045426379778
3	28.35623170445076
4	20.13204846050298
5	16.09367321211085
6	13.09373731330527
7	10.86087904104613
8	9.531847610093802
9	8.412213414243286
10++	174.1202111066003
>>END_MODULE
>>Overrepresented sequences	pass
>>END_MODULE
>>Kmer Content	warn
#Sequence	Count	Obs/Exp Overall	Obs/Exp Max	Max Obs/Exp Position
AAAAA	14611485	3.4382963	5.397365	9
TCTTC	15430510	2.7008908	5.4990287	7
CTTCA	11832605	2.3530538	6.265778	1
CTCCA	9842255	2.322453	11.560636	1
GGCAG	7162035	2.2860315	7.720533	1
CAGGA	7751910	2.2678494	5.0585356	3
CTCCT	10848555	2.2531986	10.044051	1
CTGGG	7985585	2.2435088	7.3541493	1
TCCAG	8945280	2.2050097	6.910621	2
TCCTC	10505070	2.1818583	5.057303	2
CACCA	8060120	2.16082	5.0021405	1
CCCAG	7200630	2.106143	9.040733	1
GGCTG	7469445	2.098502	5.6906037	1
GCCAG	6721395	2.0537188	6.644425	1
GGGAG	5781940	1.9278957	5.0131288	1
CCTGG	7147415	1.922232	5.3256555	1
GGCCA	6271050	1.9161161	5.337349	1
CTGCA	7692645	1.8962353	5.189344	1
GGGGG	5210045	1.89536	5.8793426	1
CTGGA	7199645	1.8539236	6.4165835	1
CTCTG	8036625	1.7436748	6.978425	1
CTCAG	7002140	1.726026	7.1499076	1
TCCTG	7950540	1.7249973	5.025643	2
CTGGC	6190020	1.6647494	5.003924	1
CTCTT	9260090	1.6208467	5.2512283	1
CCCCA	5585185	1.5638342	6.380244	1
GTGGG	5236420	1.5368083	5.7780256	1
CCCAC	4936000	1.3820646	5.0338597	1
CTCCC	5542960	1.3660611	6.2286577	1
GTCCA	5391210	1.328932	7.1635675	1
GTCAG	4959545	1.2770933	5.7076077	1
CCCAA	4473400	1.1992642	5.557109	1
GTCCT	5259705	1.1411774	5.7990284	1
>>END_MODULE
